1.3103319456209748e-06
1.2213981101918197e-06
1.033400062781594e-06
1.0072157601412083e-06
9.743766691038485e-07
9.665049729465098e-07
9.64372004498749e-07
9.579115148384618e-07
9.397758975925406e-07
9.300595509788834e-07
8.906654221687424e-07
8.844186714745099e-07
8.828332183254011e-07
8.729283616329423e-07
8.698833564725058e-07
8.644029549770693e-07
8.533426628542192e-07
8.49094668304855e-07
8.488317554490982e-07
8.481222504753945e-07
8.472860317785216e-07
8.454067755715772e-07
8.451939352957996e-07
8.438240929350728e-07
8.387812510094803e-07
8.371263062092002e-07
8.369048556680426e-07
8.336348192921693e-07
8.320207076449855e-07
8.253708368987211e-07
8.233121182677409e-07
8.230154452234223e-07
8.209662635030672e-07
8.204036602222784e-07
8.200766929317701e-07
8.181753222602825e-07
8.171878982681905e-07
8.155795776288058e-07
8.149795677760684e-07
8.146797020365609e-07
8.137459537084374e-07
8.136195362364705e-07
8.102783878277216e-07
8.088991495387625e-07
8.075289816652727e-07
8.040416538667959e-07
8.038355808301344e-07
8.028011951277297e-07
8.017032710719603e-07
7.983781738559852e-07
7.964224292263998e-07
7.956974828698551e-07
7.922796831540144e-07
7.906363108628462e-07
7.899187785208064e-07
7.855303204445357e-07
7.840491203029852e-07
7.824531689973528e-07
7.819889245808734e-07
7.771263907990739e-07
7.756233811029619e-07
7.737709798910744e-07
7.7375187031171e-07
7.682797567311763e-07
7.668360007007694e-07
7.640221166311595e-07
7.635313859257493e-07
7.59729079389868e-07
7.588564469098313e-07
7.566342732689334e-07
7.545924516347064e-07
7.516597945116055e-07
7.505745761113798e-07
7.498082967595808e-07
7.495144791474621e-07
7.467042131693789e-07
7.403891902303961e-07
7.400215067088248e-07
7.390337739998464e-07
7.388248751535752e-07
7.375000119714197e-07
7.370579575919548e-07
7.339417615349458e-07
7.246548669837493e-07
7.235052476508364e-07
7.229158167613722e-07
7.21205381431065e-07
7.175758137859513e-07
7.155419590980099e-07
7.137832178356421e-07
7.108202277182164e-07
7.039393771784245e-07
7.029086975398596e-07
7.006391802559744e-07
6.996357049798089e-07
6.987468770850243e-07
6.957334068319435e-07
6.946422357893085e-07
6.941208873021426e-07
6.909017491488112e-07
6.90027420857124e-07
6.886241941624048e-07
6.880382901148827e-07
6.843934799523509e-07
6.828312151534735e-07
6.819097156667243e-07
6.815771737436994e-07
6.798678549668242e-07
6.792628064877727e-07
6.788559728199527e-07
6.777183829203124e-07
6.772842290421105e-07
6.770924493063066e-07
6.724631479929901e-07
6.721541293534818e-07
6.719831364377399e-07
6.693107321698889e-07
6.652818750823266e-07
6.641958919143901e-07
6.62302058367447e-07
6.618842957265156e-07
6.618384138051572e-07
6.58118174256111e-07
6.567960880831882e-07
6.566616648037693e-07
6.550600171086749e-07
6.54802300380803e-07
6.547475678597878e-07
6.500206378690978e-07
6.496975464687533e-07
6.463912635154949e-07
6.45162947374209e-07
6.432590890214477e-07
6.428585397431384e-07
6.41485997324798e-07
6.412280344043197e-07
6.384598854092148e-07
6.359416664699439e-07
6.357287239167548e-07
6.356475840430277e-07
6.33823968639356e-07
6.33816238897292e-07
6.336139925766508e-07
6.329538862889396e-07
6.32438847033713e-07
6.308567805371875e-07
6.282647439482208e-07
6.259666165472488e-07
6.235173446471475e-07
6.227546755674717e-07
6.200137628911726e-07
6.1920214221535e-07
6.184897309931451e-07
6.180123296943165e-07
6.171339455092472e-07
6.166408440241104e-07
6.144529476610722e-07
6.115210710161339e-07
6.104451186082197e-07
6.101936265921133e-07
6.096565752544602e-07
6.094956648603604e-07
6.073791252175763e-07
6.058140284717992e-07
6.056394717497549e-07
6.044740893786569e-07
6.039936270991607e-07
6.031878505739636e-07
6.02932762532078e-07
6.021093400273426e-07
6.01897980672761e-07
6.017432738614462e-07
6.001802439744066e-07
5.992729094162989e-07
5.991460853884362e-07
5.990980995258973e-07
5.989098611593775e-07
5.987993569211745e-07
5.985196361418077e-07
5.98434651059553e-07
5.984273547393736e-07
5.984076010522324e-07
5.968338408067977e-07
5.9621917608196e-07
5.961740470153869e-07
5.961106410956209e-07
5.946808880962495e-07
5.945502277005087e-07
5.943934661231482e-07
5.928526678047403e-07
5.922211859449365e-07
5.9211748552725e-07
5.917118644237067e-07
5.916227603807408e-07
5.887181118275047e-07
5.871995829552069e-07
5.87040318880793e-07
5.857487233201907e-07
5.846715347161113e-07
5.8266063204429e-07
5.810839780410599e-07
5.803375132381532e-07
5.792990632675663e-07
5.766416546970607e-07
5.761691638956208e-07
5.751005522295738e-07
5.736776964663472e-07
5.730385571632627e-07
5.727422399942196e-07
5.72103097897079e-07
5.720745199438537e-07
5.715604071312028e-07
5.665180001778616e-07
5.66312065527815e-07
5.651872529183244e-07
5.650553099736477e-07
5.647172978669502e-07
5.641597171814812e-07
5.638422238161889e-07
5.637156754769756e-07
5.631318881689724e-07
5.625598607801547e-07
5.622617696216404e-07
5.615140707955444e-07
5.614347785528417e-07
5.601218088894086e-07
5.591974128669848e-07
5.58410052408865e-07
5.583909450750541e-07
5.570503938632469e-07
5.55829667615113e-07
5.536539588373511e-07
5.530059101466848e-07
5.512449651304922e-07
5.489399860143948e-07
5.456809164058442e-07
5.451831301567832e-07
5.43143754888643e-07
5.418844559430002e-07
5.415865253541852e-07
5.413327181029739e-07
5.375557945812761e-07
5.375277636183389e-07
5.370514955740509e-07
5.367310102463898e-07
5.350994138403689e-07
5.350078405809832e-07
5.333758552435226e-07
5.33328546237786e-07
5.333070868112275e-07
5.328219420862573e-07
5.327156883340454e-07
5.31909136157764e-07
5.304108282762048e-07
5.292111608280335e-07
5.283770001788986e-07
5.282298764830258e-07
5.278101486978013e-07
5.267751167192677e-07
5.254814215923462e-07
5.224508306709376e-07
5.218417893635493e-07
5.208794850134879e-07
5.203965755054017e-07
5.197295388508245e-07
5.189493885647762e-07
5.185812733651518e-07
5.183985406812661e-07
5.181471004503289e-07
5.174944018161686e-07
5.1643803791533e-07
5.162193416076477e-07
5.1469519291555e-07
5.145569344950565e-07
5.141537929966512e-07
5.129774667640309e-07
5.114977376892463e-07
5.110995256821554e-07
5.109971137281834e-07
5.101634391015486e-07
5.079189282556676e-07
5.068151564974862e-07
5.065622687397218e-07
5.065151232241388e-07
5.047197692544051e-07
5.044629719306788e-07
5.029917573264186e-07
5.028198460164514e-07
5.02139344599767e-07
5.006008425365027e-07
4.984598782666713e-07
4.953317819158821e-07
4.949309274061255e-07
4.944057185368555e-07
4.944025089629563e-07
4.918178555255296e-07
4.911388789202823e-07
4.905018004297103e-07
4.900536496879324e-07
4.9000542950139e-07
4.899916367194034e-07
4.897256232802166e-07
4.894201625397355e-07
4.881933787846667e-07
4.871624498868817e-07
4.868301554635536e-07
4.842143195038422e-07
4.836139816547461e-07
4.800025928589674e-07
4.795248204209735e-07
4.791901697689015e-07
4.782917022115161e-07
4.782532981573593e-07
4.77681803203001e-07
4.770598640514223e-07
4.768827804546845e-07
4.766223171535609e-07
4.750875825122875e-07
4.7162627928188706e-07
4.708606343983593e-07
4.6946087573522197e-07
4.693359282171265e-07
4.692323280647686e-07
4.6671859316232525e-07
4.6632164258221586e-07
4.654939357959882e-07
4.63417897010656e-07
4.621854486617484e-07
4.607351650082863e-07
4.595202469824359e-07
4.5919316522411144e-07
4.591874999933204e-07
4.578497862263592e-07
4.5634672175594985e-07
4.5588509136033885e-07
4.549577311518273e-07
4.5484428123912294e-07
4.545540813322405e-07
4.532446870810111e-07
4.5311354346120626e-07
4.5291015475080754e-07
4.5122455341957225e-07
4.4751779925397614e-07
4.471712065851507e-07
4.455054551103358e-07
4.4394021278256423e-07
4.438422665999342e-07
4.429605809571484e-07
4.4250242943082877e-07
4.42264168674905e-07
4.416618186756401e-07
4.4122406892420984e-07
4.3920756120823005e-07
4.389251552587166e-07
4.3885583222041695e-07
4.3845426072509155e-07
4.3844582989771656e-07
4.3721430009894733e-07
4.3719429222131194e-07
4.370756185856038e-07
4.3596287788724176e-07
4.353247783810388e-07
4.3188069689709e-07
4.3179987397832883e-07
4.317290575570228e-07
4.309363511644341e-07
4.301977570273459e-07
4.2985744378661e-07
4.297690473472831e-07
4.29471317654067e-07
4.2822658448274336e-07
4.2813468763780503e-07
4.2768255353156884e-07
4.273044031639439e-07
4.263531938177563e-07
4.262024058861404e-07
4.257895775155668e-07
4.2513959423698734e-07
4.244895521416464e-07
4.223487828047584e-07
4.2230491326734043e-07
4.2159361983916783e-07
4.2121772375601836e-07
4.1960820921317776e-07
4.19468950454663e-07
4.187022560777086e-07
4.1677628037322337e-07
4.164919095925363e-07
4.1621510188585625e-07
4.1606362517048714e-07
4.1555833507080633e-07
4.154970548504357e-07
4.151280938730303e-07
4.1157082339536363e-07
4.1140599306312214e-07
4.113800591721955e-07
4.111336446609216e-07
4.105718153264672e-07
4.1053766367868564e-07
4.103058364625985e-07
0.0006248489107930097
0.0006248489107930097
0.0006248489107930097
0.0006248489107930097
0.0006248489107930097
0.0006248489107930097
0.0006248489107930097
0.0006248489107930097
0.0006248489107930097
0.0006248489107930097
0.0006248489107930097
0.0006248489107930097
0.0006248489107930097
0.0006248489107930097
0.0006248489107930097
0.0006248489107930097
0.0006248489107930097
0.0006248489107930097
0.0006248489107930097
0.0006248489107930097
0.0006248489107930097
0.0006248489107930097
0.0006248489107930097
0.0006248489107930097
0.0006248489107930097
0.0006248489107930097
0.0006248489107930097
0.0006248489107930097
0.0006248489107930097
0.0006248489107930097
0.0006248489107930097
0.0006248489107930097
0.0006248489107930097
0.0006248489107930097
0.0006248489107930097
0.0006248489107930097
0.0006248489107930097
0.0006248489107930097
0.0006248489107930097
0.0006248489107930097
0.0006248489107930097
0.0006248489107930097
0.0006248489107930097
0.0006248489107930097
0.0006248489107930097
0.0006248489107930097
0.0006248489107930097
0.0006248489107930097
0.0006248489107930097
0.0006248489107930097
0.0006248489107930097
0.0006248489107930097
0.0006248489107930097
0.0006248489107930097
0.0006248489107930097
0.0006248489107930097
0.0006248489107930097
0.0006248489107930097
0.0006248489107930097
0.0006248489107930097
0.0006248489107930097
0.0006248489107930097
0.0006248489107930097
0.0006248489107930097
0.0006248489107930097
0.0006248489107930097
0.0006248489107930097
0.0006248489107930097
0.0006248489107930097
0.0006248489107930097
0.0006248489107930097
0.0006248489107930097
0.0006248489107930097
0.0006248489107930097
0.0006248489107930097
0.0006248489107930097
0.0006248489107930097
0.0006248489107930097
0.0006248489107930097
0.0006248489107930097
0.0006248489107930097
0.0006248489107930097
0.0006248489107930097
0.0006248489107930097
0.0006248489107930097
0.0006248489107930097
0.0006248489107930097
0.0006248489107930097
0.0006248489107930097
0.0006248489107930097
0.0006248489107930097
0.0006248489107930097
0.0006248489107930097
0.0006248489107930097
0.0006248489107930097
0.0006248489107930097
0.0006248489107930097
0.0006248489107930097
0.0006248489107930097
0.0006248489107930097
0.0006248489107930097
0.0006248489107930097
0.0006248489107930097
0.0006248489107930097
0.0006248489107930097
0.0006248489107930097
0.0006248489107930097
0.0006248489107930097
0.0006248489107930097
0.0006248489107930097
0.0006248489107930097
0.0006248489107930097
0.0006248489107930097
0.0006248489107930097
0.0006248489107930097
0.0006248489107930097
0.0006248489107930097
0.0006248489107930097
0.0006248489107930097
0.0006248489107930097
0.0006248489107930097
0.0006248489107930097
0.0006248489107930097
0.0006248489107930097
0.0006248489107930097
0.0006248489107930097
0.0006248489107930097
0.0006248489107930097
0.0006248489107930097
0.0006248489107930097
0.0006248489107930097
0.0006248489107930097
0.0006248489107930097
0.0006248489107930097
0.0006248489107930097
0.0006248489107930097
0.0006248489107930097
0.0006248489107930097
0.0006248489107930097
0.0006248489107930097
0.0006248489107930097
0.0006248489107930097
0.0006248489107930097
0.0006248489107930097
0.0006248489107930097
0.0006248489107930097
0.0006248489107930097
0.0006248489107930097
0.0006248489107930097
0.0006248489107930097
0.0006248489107930097
0.0006248489107930097
0.0006248489107930097
0.0006248489107930097
0.0006248489107930097
0.0006248489107930097
0.0006248489107930097
0.0006248489107930097
0.0006248489107930097
0.0006248489107930097
0.0006248489107930097
0.0006248489107930097
0.0006248489107930097
0.0006248489107930097
0.0006248489107930097
0.0006248489107930097
0.0006248489107930097
0.0006248489107930097
0.0006248489107930097
0.0006248489107930097
0.0006248489107930097
0.0006248489107930097
0.0006248489107930097
0.0006248489107930097
0.0006248489107930097
0.0006248489107930097
0.0006248489107930097
0.0006248489107930097
0.0006248489107930097
0.0006248489107930097
0.0006248489107930097
0.0006248489107930097
0.0006248489107930097
0.0006248489107930097
0.0006248489107930097
0.0006248489107930097
0.0006248489107930097
0.0006248489107930097
0.0006248489107930097
0.0006248489107930097
0.0006248489107930097
0.0006248489107930097
0.0006248489107930097
0.0006248489107930097
0.0006248489107930097
0.0006248489107930097
0.0006248489107930097
0.0006248489107930097
0.0006248489107930097
0.0006248489107930097
0.0006248489107930097
0.0006248489107930097
0.0006248489107930097
0.0006248489107930097
0.0006248489107930097
0.0006248489107930097
0.0006248489107930097
0.0006248489107930097
0.0006248489107930097
0.0006248489107930097
0.0006248489107930097
0.0006248489107930097
0.0006248489107930097
0.0006248489107930097
0.0006248489107930097
0.0006248489107930097
0.0006248489107930097
0.0006248489107930097
0.0006248489107930097
0.0006248489107930097
0.0006248489107930097
0.0006248489107930097
0.0006248489107930097
0.0006248489107930097
0.0006248489107930097
0.0006248489107930097
0.0006248489107930097
0.0006248489107930097
0.0006248489107930097
0.0006248489107930097
0.0006248489107930097
0.0006248489107930097
0.0006248489107930097
0.0006248489107930097
0.0006248489107930097
0.0006248489107930097
0.0006248489107930097
0.0006248489107930097
0.0006248489107930097
0.0006248489107930097
0.0006248489107930097
0.0006248489107930097
0.0006248489107930097
0.0006248489107930097
0.0006248489107930097
0.0006248489107930097
0.0006248489107930097
0.0006248489107930097
0.0006248489107930097
0.0006248489107930097
0.0006248489107930097
0.0006248489107930097
0.0006248489107930097
0.0006248489107930097
0.0006248489107930097
0.0006248489107930097
0.0006248489107930097
0.0006248489107930097
0.0006248489107930097
0.0006248489107930097
0.0006248489107930097
0.0006248489107930097
0.0006248489107930097
0.0006248489107930097
0.0006248489107930097
0.0006248489107930097
0.0006248489107930097
0.0006248489107930097
0.0006248489107930097
0.0006248489107930097
0.0006248489107930097
0.0006248489107930097
0.0006248489107930097
0.0006248489107930097
0.0006248489107930097
0.0006248489107930097
0.0006248489107930097
0.0006248489107930097
0.0006248489107930097
0.0006248489107930097
0.0006248489107930097
0.0006248489107930097
0.0006248489107930097
0.0006248489107930097
0.0006248489107930097
0.0006248489107930097
0.0006248489107930097
0.0006248489107930097
0.0006248489107930097
0.0006248489107930097
0.0006248489107930097
0.0006248489107930097
0.0006248489107930097
0.0006248489107930097
0.0006248489107930097
0.0006248489107930097
0.0006248489107930097
0.0006248489107930097
0.0006248489107930097
0.0006248489107930097
0.0006248489107930097
0.0006248489107930097
0.0006248489107930097
0.0006248489107930097
0.0006248489107930097
0.0006248489107930097
0.0006248489107930097
0.0006248489107930097
0.0006248489107930097
0.0006248489107930097
0.0006248489107930097
0.0006248489107930097
0.0006248489107930097
0.0006248489107930097
0.0006248489107930097
0.0006248489107930097
0.0006248489107930097
0.0006248489107930097
0.0006248489107930097
0.0006248489107930097
0.0006248489107930097
0.0006248489107930097
0.0006248489107930097
0.0006248489107930097
0.0006248489107930097
0.0006248489107930097
0.0006248489107930097
0.0006248489107930097
0.0006248489107930097
0.0006248489107930097
0.0006248489107930097
0.0006248489107930097
0.0006248489107930097
0.0006248489107930097
0.0006248489107930097
0.0006248489107930097
0.0006248489107930097
0.0006248489107930097
0.0006248489107930097
0.0006248489107930097
0.0006248489107930097
0.0006248489107930097
0.0006248489107930097
0.0006248489107930097
0.0006248489107930097
0.0006248489107930097
0.0006248489107930097
0.0006248489107930097
0.0006248489107930097
0.0006248489107930097
0.0006248489107930097
0.0006248489107930097
0.0006248489107930097
0.0006248489107930097
0.0006248489107930097
0.0006248489107930097
0.0006248489107930097
0.0006248489107930097
0.0006248489107930097
0.0006248489107930097
0.0006248489107930097
0.0006248489107930097
0.0006248489107930097
0.0006248489107930097
0.0006248489107930097
0.0006248489107930097
0.0006248489107930097
0.0006248489107930097
0.0006248489107930097
0.0006248489107930097
0.0006248489107930097
0.0006248489107930097
0.0006248489107930097
0.0006248489107930097
0.0006248489107930097
0.0006248489107930097
0.0006248489107930097
0.0006248489107930097
0.0006248489107930097
0.0006248489107930097
0.0006248489107930097
0.0006248489107930097
0.0006248489107930097
0.0006248489107930097
0.0006248489107930097
0.0006248489107930097
0.0006248489107930097
0.0006248489107930097
0.0006248489107930097
0.0006248489107930097
0.0006248489107930097
0.0006248489107930097
0.0006248489107930097
0.0006248489107930097
0.0006248489107930097
0.0006248489107930097
0.0006248489107930097
0.0006248489107930097
0.0006248489107930097
0.0006248489107930097
0.0006248489107930097
0.0006248489107930097
0.0006248489107930097
0.0006248489107930097
0.0006248489107930097
0.0006248489107930097
0.0006248489107930097
0.0006248489107930097
0.0006248489107930097
0.0006248489107930097
0.0006248489107930097
0.0006248489107930097
0.0006248489107930097
0.0006248489107930097
0.0006248489107930097
0.0006248489107930097
0.0006248489107930097
0.0006248489107930097
0.0006248489107930097
0.0006248489107930097
0.0006248489107930097
0.0006248489107930097
0.0006248489107930097
0.0006248489107930097
0.0006248489107930097
0.0006248489107930097
0.0006248489107930097
0.0006248489107930097
0.0006248489107930097
0.0006248489107930097
0.0006248489107930097
0.0006248489107930097
0.0006248489107930097
0.0006248489107930097
0.0006248489107930097
0.0006248489107930097
0.0006248489107930097
0.0006248489107930097
0.0006248489107930097
0.0006248489107930097
0.0006248489107930097
0.0006248489107930097
0.0006248489107930097
0.0006248489107930097
0.0006248489107930097
0.0006248489107930097
0.0006248489107930097
0.0006248489107930097
0.0006248489107930097
0.0006248489107930097
0.0006248489107930097
0.0006248489107930097
0.0006248489107930097
0.0006248489107930097
0.0006248489107930097
0.0006248489107930097
0.0006248489107930097
0.0006248489107930097
0.0006248489107930097
0.0006248489107930097
0.0006248489107930097
0.0006248489107930097
0.0006248489107930097
0.0006248489107930097
0.0006248489107930097
0.0006248489107930097
0.0006248489107930097
0.0006248489107930097
0.0006248489107930097
0.0006248489107930097
0.0006248489107930097
0.0006248489107930097
0.0006248489107930097
0.0006248489107930097
0.0006248489107930097
0.0006248489107930097
0.0006248489107930097
0.0006248489107930097
0.0006248489107930097
0.0006248489107930097
0.0006248489107930097
0.0006248489107930097
0.0006248489107930097
0.0006248489107930097
0.0006248489107930097
0.0006248489107930097
0.0006248489107930097
0.0006248489107930097
0.0006248489107930097
0.0006248489107930097
0.0006248489107930097
0.0006248489107930097
0.0006248489107930097
0.0006248489107930097
0.0006248489107930097
0.0006248489107930097
0.0006248489107930097
0.0006248489107930097
0.0006248489107930097
0.0006248489107930097
0.0006248489107930097
0.0006248489107930097
0.0006248489107930097
0.0006248489107930097
0.0006248489107930097
0.0006248489107930097
0.0006248489107930097
0.0006248489107930097
0.0006248489107930097
0.0006248489107930097
0.0006248489107930097
0.0006248489107930097
0.0006248489107930097
0.0006248489107930097
0.0006248489107930097
0.0006248489107930097
0.0006248489107930097
0.0006248489107930097
0.0006248489107930097
0.0006248489107930097
0.0006248489107930097
0.0006248489107930097
0.0006248489107930097
0.0006248489107930097
0.0006248489107930097
0.0006248489107930097
0.0006248489107930097
0.0006248489107930097
0.0006248489107930097
0.0006248489107930097
0.0006248489107930097
0.0006248489107930097
0.0006248489107930097
0.0006248489107930097
0.0006248489107930097
0.0006248489107930097
0.0006248489107930097
0.0006248489107930097
0.0006248489107930097
0.0006248489107930097
0.0006248489107930097
0.0006248489107930097
0.0006248489107930097
0.0006248489107930097
0.0006248489107930097
0.0006248489107930097
0.0006248489107930097
0.0006248489107930097
0.0006248489107930097
0.0006248489107930097
0.0006248489107930097
0.0006248489107930097
0.0006248489107930097
0.0006248489107930097
0.0006248489107930097
0.0006248489107930097
0.0006248489107930097
0.0006248489107930097
0.0006248489107930097
0.0006248489107930097
0.0006248489107930097
0.0006248489107930097
0.0006248489107930097
0.0006248489107930097
0.0006248489107930097
0.0006248489107930097
0.0006248489107930097
0.0006248489107930097
0.0006248489107930097
0.0006248489107930097
0.0006248489107930097
0.0006248489107930097
0.0006248489107930097
0.0006248489107930097
0.0006248489107930097
0.0006248489107930097
0.0006248489107930097
0.0006248489107930097
0.0006248489107930097
0.0006248489107930097
0.0006248489107930097
0.0006248489107930097
0.0006248489107930097
0.0006248489107930097
0.0006248489107930097
0.0006248489107930097
0.0006248489107930097
0.0006248489107930097
0.0006248489107930097
0.0006248489107930097
0.0006248489107930097
0.0006248489107930097
0.0006248489107930097
0.0006248489107930097
0.0006248489107930097
0.0006248489107930097
0.0006248489107930097
0.0006248489107930097
0.0006248489107930097
0.0006248489107930097
0.0006248489107930097
0.0006248489107930097
0.0006248489107930097
0.0006248489107930097
0.0006248489107930097
0.0006248489107930097
0.0006248489107930097
0.0006248489107930097
0.0006248489107930097
0.0006248489107930097
0.0006248489107930097
0.0006248489107930097
0.0006248489107930097
0.0006248489107930097
0.0006248489107930097
0.0006248489107930097
0.0006248489107930097
0.0006248489107930097
0.0006248489107930097
0.0006248489107930097
0.0006248489107930097
0.0006248489107930097
0.0006248489107930097
0.0006248489107930097
0.0006248489107930097
0.0006248489107930097
0.0006248489107930097
0.0006248489107930097
0.0006248489107930097
0.0006248489107930097
0.0006248489107930097
0.0006248489107930097
0.0006248489107930097
0.0006248489107930097
0.0006248489107930097
0.0006248489107930097
0.0006248489107930097
0.0006248489107930097
0.0006248489107930097
0.0006248489107930097
0.0006248489107930097
0.0006248489107930097
0.0006248489107930097
0.0006248489107930097
0.0006248489107930097
0.0006248489107930097
0.0006248489107930097
0.0006248489107930097
0.0006248489107930097
0.0006248489107930097
0.0006248489107930097
0.0006248489107930097
0.0006248489107930097
0.0006248489107930097
0.0006248489107930097
0.0006248489107930097
0.0006248489107930097
0.0006248489107930097
0.0006248489107930097
0.0006248489107930097
0.0006248489107930097
0.0006248489107930097
0.0006248489107930097
0.0006248489107930097
0.0006248489107930097
0.0006248489107930097
0.0006248489107930097
0.0006248489107930097
0.0006248489107930097
0.0006248489107930097
0.0006248489107930097
0.0006248489107930097
0.0006248489107930097
0.0006248489107930097
0.0006248489107930097
0.0006248489107930097
0.0006248489107930097
0.0006248489107930097
0.0006248489107930097
0.0006248489107930097
0.0006248489107930097
0.0006248489107930097
0.0006248489107930097
0.0006248489107930097
0.0006248489107930097
0.0006248489107930097
0.0006248489107930097
0.0006248489107930097
0.0006248489107930097
0.0006248489107930097
0.0006248489107930097
0.0006248489107930097
0.0006248489107930097
0.0006248489107930097
0.0006248489107930097
0.0006248489107930097
0.0006248489107930097
0.0006248489107930097
0.0006248489107930097
0.0006248489107930097
0.0006248489107930097
0.0006248489107930097
0.0006248489107930097
0.0006248489107930097
0.0006248489107930097
0.0006248489107930097
0.0006248489107930097
0.0006248489107930097
0.0006248489107930097
0.0006248489107930097
0.0006248489107930097
0.0006248489107930097
0.0006248489107930097
0.0006248489107930097
0.0006248489107930097
0.0006248489107930097
0.0006248489107930097
0.0006248489107930097
0.0006248489107930097
0.0006248489107930097
0.0006248489107930097
0.0006248489107930097
0.0006248489107930097
0.0006248489107930097
0.0006248489107930097
0.0006248489107930097
0.0006248489107930097
0.0006248489107930097
0.0006248489107930097
0.0006248489107930097
0.0006248489107930097
0.0006248489107930097
0.0006248489107930097
0.0006248489107930097
0.0006248489107930097
0.0006248489107930097
0.0006248489107930097
0.0006248489107930097
0.0006248489107930097
0.0006248489107930097
0.0006248489107930097
0.0006248489107930097
0.0006248489107930097
0.0006248489107930097
0.0006248489107930097
0.0006248489107930097
0.0006248489107930097
0.0006248489107930097
0.0006248489107930097
0.0006248489107930097
0.0006248489107930097
0.0006248489107930097
0.0006248489107930097
0.0006248489107930097
0.0006248489107930097
0.0006248489107930097
0.0006248489107930097
0.0006248489107930097
0.0006248489107930097
0.0006248489107930097
0.0006248489107930097
0.0006248489107930097
0.0006248489107930097
0.0006248489107930097
0.0006248489107930097
0.0006248489107930097
0.0006248489107930097
0.0006248489107930097
0.0006248489107930097
0.0006248489107930097
0.0006248489107930097
0.0006248489107930097
0.0006248489107930097
0.0006248489107930097
0.0006248489107930097
0.0006248489107930097
0.0006248489107930097
0.0006248489107930097
0.0006248489107930097
0.0006248489107930097
0.0006248489107930097
0.0006248489107930097
0.0006248489107930097
0.0006248489107930097
0.0006248489107930097
0.0006248489107930097
0.0006248489107930097
0.0006248489107930097
0.0006248489107930097
0.0006248489107930097
0.0006248489107930097
0.0006248489107930097
0.0006248489107930097
0.0006248489107930097
0.0006248489107930097
0.0006248489107930097
0.0006248489107930097
0.0006248489107930097
0.0006248489107930097
0.0006248489107930097
0.0006248489107930097
0.0006248489107930097
0.0006248489107930097
0.0006248489107930097
0.0006248489107930097
0.0006248489107930097
0.0006248489107930097
0.0006248489107930097
0.0006248489107930097
0.0006248489107930097
0.0006248489107930097
0.0006248489107930097
0.0006248489107930097
0.0006248489107930097
0.0006248489107930097
0.0006248489107930097
0.0006248489107930097
0.0006248489107930097
0.0006248489107930097
0.0006248489107930097
0.0006248489107930097
0.0006248489107930097
0.0006248489107930097
0.0006248489107930097
0.0006248489107930097
0.0006248489107930097
0.0006248489107930097
0.0006248489107930097
0.0006248489107930097
0.0006248489107930097
0.0006248489107930097
0.0006248489107930097
0.0006248489107930097
0.0006248489107930097
0.0006248489107930097
0.0006248489107930097
0.0006248489107930097
0.0006248489107930097
0.0006248489107930097
0.0006248489107930097
0.0006248489107930097
0.0006248489107930097
0.0006248489107930097
0.0006248489107930097
0.0006248489107930097
0.0006248489107930097
0.0006248489107930097
0.0006248489107930097
0.0006248489107930097
0.0006248489107930097
0.0006248489107930097
0.0006248489107930097
0.0006248489107930097
0.0006248489107930097
0.0006248489107930097
0.0006248489107930097
0.0006248489107930097
0.0006248489107930097
0.0006248489107930097
0.0006248489107930097
0.0006248489107930097
0.0006248489107930097
0.0006248489107930097
0.0006248489107930097
0.0006248489107930097
0.0006248489107930097
0.0006248489107930097
0.0006248489107930097
0.0006248489107930097
0.0006248489107930097
0.0006248489107930097
0.0006248489107930097
0.0006248489107930097
0.0006248489107930097
0.0006248489107930097
0.0006248489107930097
0.0006248489107930097
0.0006248489107930097
0.0006248489107930097
0.0006248489107930097
0.0006248489107930097
0.0006248489107930097
0.0006248489107930097
0.0006248489107930097
0.0006248489107930097
0.0006248489107930097
0.0006248489107930097
0.0006248489107930097
0.0006248489107930097
0.0006248489107930097
0.0006248489107930097
0.0006248489107930097
0.0006248489107930097
0.0006248489107930097
0.0006248489107930097
0.0006248489107930097
0.0006248489107930097
0.0006248489107930097
0.0006248489107930097
0.0006248489107930097
0.0006248489107930097
0.0006248489107930097
0.0006248489107930097
0.0006248489107930097
0.0006248489107930097
0.0006248489107930097
0.0006248489107930097
0.0006248489107930097
0.0006248489107930097
0.0006248489107930097
0.0006248489107930097
0.0006248489107930097
0.0006248489107930097
0.0006248489107930097
0.0006248489107930097
0.0006248489107930097
0.0006248489107930097
0.0006248489107930097
0.0006248489107930097
0.0006248489107930097
0.0006248489107930097
0.0006248489107930097
0.0006248489107930097
0.0006248489107930097
0.0006248489107930097
0.0006248489107930097
0.0006248489107930097
0.0006248489107930097
0.0006248489107930097
0.0006248489107930097
0.0006248489107930097
0.0006248489107930097
0.0006248489107930097
0.0006248489107930097
0.0006248489107930097
0.0006248489107930097
0.0006248489107930097
0.0006248489107930097
0.0006248489107930097
0.0006248489107930097
0.0006248489107930097
0.0006248489107930097
0.0006248489107930097
0.0006248489107930097
0.0006248489107930097
0.0006248489107930097
0.0006248489107930097
0.0006248489107930097
0.0006248489107930097
0.0006248489107930097
0.0006248489107930097
0.0006248489107930097
0.0006248489107930097
0.0006248489107930097
0.0006248489107930097
0.0006248489107930097
0.0006248489107930097
0.0006248489107930097
0.0006248489107930097
0.0006248489107930097
0.0006248489107930097
0.0006248489107930097
0.0006248489107930097
0.0006248489107930097
0.0006248489107930097
0.0006248489107930097
0.0006248489107930097
0.0006248489107930097
0.0006248489107930097
0.0006248489107930097
0.0006248489107930097
0.0006248489107930097
0.0006248489107930097
0.0006248489107930097
0.0006248489107930097
0.0006248489107930097
0.0006248489107930097
0.0006248489107930097
0.0006248489107930097
0.0006248489107930097
0.0006248489107930097
0.0006248489107930097
0.0006248489107930097
0.0006248489107930097
0.0006248489107930097
0.0006248489107930097
0.0006248489107930097
0.0006248489107930097
0.0006248489107930097
0.0006248489107930097
0.0006248489107930097
0.0006248489107930097
0.0006248489107930097
0.0006248489107930097
0.0006248489107930097
0.0006248489107930097
0.0006248489107930097
0.0006248489107930097
0.0006248489107930097
0.0006248489107930097
0.0006248489107930097
0.0006248489107930097
0.0006248489107930097
0.0006248489107930097
0.0006248489107930097
0.0006248489107930097
0.0006248489107930097
0.0006248489107930097
0.0006248489107930097
0.0006248489107930097
0.0006248489107930097
0.0006248489107930097
0.0006248489107930097
0.0006248489107930097
0.0006248489107930097
0.0006248489107930097
0.0006248489107930097
0.0006248489107930097
0.0006248489107930097
0.0006248489107930097
0.0006248489107930097
0.0006248489107930097
0.0006248489107930097
0.0006248489107930097
0.0006248489107930097
0.0006248489107930097
0.0006248489107930097
0.0006248489107930097
0.0006248489107930097
0.0006248489107930097
0.0006248489107930097
0.0006248489107930097
0.0006248489107930097
0.0006248489107930097
0.0006248489107930097
0.0006248489107930097
0.0006248489107930097
0.0006248489107930097
0.0006248489107930097
0.0006248489107930097
0.0006248489107930097
0.0006248489107930097
0.0006248489107930097
0.0006248489107930097
0.0006248489107930097
0.0006248489107930097
0.0006248489107930097
0.0006248489107930097
0.0006248489107930097
0.0006248489107930097
0.0006248489107930097
0.0006248489107930097
0.0006248489107930097
0.0006248489107930097
0.0006248489107930097
0.0006248489107930097
0.0006248489107930097
0.0006248489107930097
0.0006248489107930097
0.0006248489107930097
0.0006248489107930097
0.0006248489107930097
0.0006248489107930097
0.0006248489107930097
0.0006248489107930097
0.0006248489107930097
0.0006248489107930097
0.0006248489107930097
0.0006248489107930097
0.0006248489107930097
0.0006248489107930097
0.0006248489107930097
0.0006248489107930097
0.0006248489107930097
0.0006248489107930097
0.0006248489107930097
0.0006248489107930097
0.0006248489107930097
0.0006248489107930097
0.0006248489107930097
0.0006248489107930097
0.0006248489107930097
0.0006248489107930097
0.0006248489107930097
0.0006248489107930097
0.0006248489107930097
0.0006248489107930097
0.0006248489107930097
0.0006248489107930097
0.0006248489107930097
0.0006248489107930097
0.0006248489107930097
0.0006248489107930097
0.0006248489107930097
0.0006248489107930097
0.0006248489107930097
0.0006248489107930097
0.0006248489107930097
0.0006248489107930097
0.0006248489107930097
0.0006248489107930097
0.0006248489107930097
0.0006248489107930097
0.0006248489107930097
0.0006248489107930097
0.0006248489107930097
0.0006248489107930097
0.0006248489107930097
0.0006248489107930097
0.0006248489107930097
0.0006248489107930097
0.0006248489107930097
0.0006248489107930097
0.0006248489107930097
0.0006248489107930097
0.0006248489107930097
0.0006248489107930097
0.0006248489107930097
0.0006248489107930097
0.0006248489107930097
0.0006248489107930097
0.0006248489107930097
0.0006248489107930097
0.0006248489107930097
0.0006248489107930097
0.0006248489107930097
0.0006248489107930097
0.0006248489107930097
0.0006248489107930097
0.0006248489107930097
0.0006248489107930097
0.0006248489107930097
0.0006248489107930097
0.0006248489107930097
0.0006248489107930097
0.0006248489107930097
0.0006248489107930097
0.0006248489107930097
0.0006248489107930097
0.0006248489107930097
0.0006248489107930097
0.0006248489107930097
0.0006248489107930097
0.0006248489107930097
0.0006248489107930097
0.0006248489107930097
0.0006248489107930097
0.0006248489107930097
0.0006248489107930097
0.0006248489107930097
0.0006248489107930097
0.0006248489107930097
0.0006248489107930097
0.0006248489107930097
0.0006248489107930097
0.0006248489107930097
0.0006248489107930097
0.0006248489107930097
0.0006248489107930097
0.0006248489107930097
0.0006248489107930097
0.0006248489107930097
0.0006248489107930097
0.0006248489107930097
0.0006248489107930097
0.0006248489107930097
0.0006248489107930097
0.0006248489107930097
0.0006248489107930097
0.0006248489107930097
0.0006248489107930097
0.0006248489107930097
0.0006248489107930097
0.0006248489107930097
0.0006248489107930097
0.0006248489107930097
0.0006248489107930097
0.0006248489107930097
0.0006248489107930097
0.0006248489107930097
0.0006248489107930097
0.0006248489107930097
0.0006248489107930097
0.0006248489107930097
0.0006248489107930097
0.0006248489107930097
0.0006248489107930097
0.0006248489107930097
0.0006248489107930097
0.0006248489107930097
0.0006248489107930097
0.0006248489107930097
0.0006248489107930097
0.0006248489107930097
0.0006248489107930097
0.0006248489107930097
0.0006248489107930097
0.0006248489107930097
0.0006248489107930097
0.0006248489107930097
0.0006248489107930097
0.0006248489107930097
0.0006248489107930097
0.0006248489107930097
0.0006248489107930097
0.0006248489107930097
0.0006248489107930097
0.0006248489107930097
0.0006248489107930097
0.0006248489107930097
0.0006248489107930097
0.0006248489107930097
0.0006248489107930097
0.0006248489107930097
0.0006248489107930097
0.0006248489107930097
0.0006248489107930097
0.0006248489107930097
0.0006248489107930097
0.0006248489107930097
0.0006248489107930097
0.0006248489107930097
0.0006248489107930097
0.0006248489107930097
0.0006248489107930097
0.0006248489107930097
0.0006248489107930097
0.0006248489107930097
0.0006248489107930097
0.0006248489107930097
0.0006248489107930097
0.0006248489107930097
0.0006248489107930097
0.0006248489107930097
0.0006248489107930097
0.0006248489107930097
0.0006248489107930097
0.0006248489107930097
0.0006248489107930097
0.0006248489107930097
0.0006248489107930097
0.0006248489107930097
0.0006248489107930097
0.0006248489107930097
0.0006248489107930097
0.0006248489107930097
0.0006248489107930097
0.0006248489107930097
0.0006248489107930097
0.0006248489107930097
0.0006248489107930097
0.0006248489107930097
0.0006248489107930097
0.0006248489107930097
0.0006248489107930097
0.0006248489107930097
0.0006248489107930097
0.0006248489107930097
0.0006248489107930097
0.0006248489107930097
0.0006248489107930097
0.0006248489107930097
0.0006248489107930097
0.0006248489107930097
0.0006248489107930097
0.0006248489107930097
0.0006248489107930097
0.0006248489107930097
0.0006248489107930097
0.0006248489107930097
0.0006248489107930097
0.0006248489107930097
0.0006248489107930097
0.0006248489107930097
0.0006248489107930097
0.0006248489107930097
0.0006248489107930097
0.0006248489107930097
0.0006248489107930097
0.0006248489107930097
0.0006248489107930097
0.0006248489107930097
0.0006248489107930097
0.0006248489107930097
0.0006248489107930097
0.0006248489107930097
0.0006248489107930097
0.0006248489107930097
0.0006248489107930097
0.0006248489107930097
0.0006248489107930097
0.0006248489107930097
0.0006248489107930097
0.0006248489107930097
0.0006248489107930097
0.0006248489107930097
0.0006248489107930097
0.0006248489107930097
0.0006248489107930097
0.0006248489107930097
0.0006248489107930097
0.0006248489107930097
0.0006248489107930097
0.0006248489107930097
0.0006248489107930097
0.0006248489107930097
0.0006248489107930097
0.0006248489107930097
0.0006248489107930097
0.0006248489107930097
0.0006248489107930097
0.0006248489107930097
0.0006248489107930097
0.0006248489107930097
0.0006248489107930097
0.0006248489107930097
0.0006248489107930097
0.0006248489107930097
0.0006248489107930097
0.0006248489107930097
0.0006248489107930097
0.0006248489107930097
0.0006248489107930097
0.0006248489107930097
0.0006248489107930097
0.0006248489107930097
0.0006248489107930097
0.0006248489107930097
0.0006248489107930097
0.0006248489107930097
0.0006248489107930097
0.0006248489107930097
0.0006248489107930097
0.0006248489107930097
0.0006248489107930097
0.0006248489107930097
0.0006248489107930097
0.0006248489107930097
0.0006248489107930097
0.0006248489107930097
0.0006248489107930097
0.0006248489107930097
0.0006248489107930097
0.0006248489107930097
0.0006248489107930097
0.0006248489107930097
0.0006248489107930097
0.0006248489107930097
0.0006248489107930097
0.0006248489107930097
0.0006248489107930097
0.0006248489107930097
0.0006248489107930097
0.0006248489107930097
0.0006248489107930097
0.0006248489107930097
0.0006248489107930097
0.0006248489107930097
0.0006248489107930097
0.0006248489107930097
0.0006248489107930097
0.0006248489107930097
0.0006248489107930097
0.0006248489107930097
0.0006248489107930097
0.0006248489107930097
0.0006248489107930097
0.0006248489107930097
0.0006248489107930097
0.0006248489107930097
0.0006248489107930097
0.0006248489107930097
0.0006248489107930097
0.0006248489107930097
0.0006248489107930097
0.0006248489107930097
0.0006248489107930097
0.0006248489107930097
0.0006248489107930097
0.0006248489107930097
0.0006248489107930097
0.0006248489107930097
0.0006248489107930097
0.0006248489107930097
0.0006248489107930097
0.0006248489107930097
0.0006248489107930097
0.0006248489107930097
0.0006248489107930097
0.0006248489107930097
0.0006248489107930097
0.0006248489107930097
0.0006248489107930097
0.0006248489107930097
0.0006248489107930097
0.0006248489107930097
0.0006248489107930097
0.0006248489107930097
0.0006248489107930097
0.0006248489107930097
0.0006248489107930097
0.0006248489107930097
0.0006248489107930097
0.0006248489107930097
0.0006248489107930097
0.0006248489107930097
0.0006248489107930097
0.0006248489107930097
0.0006248489107930097
0.0006248489107930097
0.0006248489107930097
0.0006248489107930097
0.0006248489107930097
0.0006248489107930097
0.0006248489107930097
0.0006248489107930097
0.0006248489107930097
0.0006248489107930097
0.0006248489107930097
0.0006248489107930097
0.0006248489107930097
0.0006248489107930097
0.0006248489107930097
0.0006248489107930097
0.0006248489107930097
0.0006248489107930097
0.0006248489107930097
0.0006248489107930097
0.0006248489107930097
0.0006248489107930097
0.0006248489107930097
0.0006248489107930097
0.0006248489107930097
0.0006248489107930097
0.0006248489107930097
0.0006248489107930097
0.0006248489107930097
0.0006248489107930097
0.0006248489107930097
0.0006248489107930097
0.0006248489107930097
0.0006248489107930097
0.0006248489107930097
0.0006248489107930097
0.0006248489107930097
0.0006248489107930097
0.0006248489107930097
0.0006248489107930097
0.0006248489107930097
0.0006248489107930097
0.0006248489107930097
0.0006248489107930097
0.0006248489107930097
0.0006248489107930097
0.0006248489107930097
0.0006248489107930097
0.0006248489107930097
0.0006248489107930097
0.0006248489107930097
0.0006248489107930097
0.0006248489107930097
0.0006248489107930097
0.0006248489107930097
0.0006248489107930097
0.0006248489107930097
0.0006248489107930097
0.0006248489107930097
0.0006248489107930097
0.0006248489107930097
0.0006248489107930097
0.0006248489107930097
0.0006248489107930097
0.0006248489107930097
0.0006248489107930097
0.0006248489107930097
0.0006248489107930097
0.0006248489107930097
0.0006248489107930097
0.0006248489107930097
0.0006248489107930097
0.0006248489107930097
0.0006248489107930097
0.0006248489107930097
0.0006248489107930097
0.0006248489107930097
0.0006248489107930097
0.0006248489107930097
0.0006248489107930097
0.0006248489107930097
0.0006248489107930097
0.0006248489107930097
0.0006248489107930097
0.0006248489107930097
0.0006248489107930097
0.0006248489107930097
0.0006248489107930097
0.0006248489107930097
0.0006248489107930097
0.0006248489107930097
0.0006248489107930097
0.0006248489107930097
0.0006248489107930097
0.0006248489107930097
0.0006248489107930097
0.0006248489107930097
0.0006248489107930097
0.0006248489107930097
0.0006248489107930097
0.0006248489107930097
0.0006248489107930097
0.0006248489107930097
0.0006248489107930097
0.0006248489107930097
0.0006248489107930097
0.0006248489107930097
0.0006248489107930097
0.0006248489107930097
0.0006248489107930097
0.0006248489107930097
0.0006248489107930097
0.0006248489107930097
0.0006248489107930097
0.0006248489107930097
0.0006248489107930097
0.0006248489107930097
0.0006248489107930097
0.0006248489107930097
0.0006248489107930097
0.0006248489107930097
0.0006248489107930097
0.0006248489107930097
0.0006248489107930097
0.0006248489107930097
0.0006248489107930097
0.0006248489107930097
0.0006248489107930097
0.0006248489107930097
0.0006248489107930097
0.0006248489107930097
0.0006248489107930097
0.0006248489107930097
0.0006248489107930097
0.0006248489107930097
0.0006248489107930097
0.0006248489107930097
0.0006248489107930097
0.0006248489107930097
0.0006248489107930097
0.0006248489107930097
0.0006248489107930097
0.0006248489107930097
0.0006248489107930097
0.0006248489107930097
0.0006248489107930097
0.0006248489107930097
0.0006248489107930097
0.0006248489107930097
0.0006248489107930097
0.0006248489107930097
0.0006248489107930097
0.0006248489107930097
0.0006248489107930097
0.0006248489107930097
0.0006248489107930097
0.0006248489107930097
0.0006248489107930097
0.0006248489107930097
0.0006248489107930097
0.0006248489107930097
0.0006248489107930097
0.0006248489107930097
0.0006248489107930097
0.0006248489107930097
0.0006248489107930097
0.0006248489107930097
0.0006248489107930097
0.0006248489107930097
0.0006248489107930097
0.0006248489107930097
0.0006248489107930097
0.0006248489107930097
0.0006248489107930097
0.0006248489107930097
0.0006248489107930097
0.0006248489107930097
0.0006248489107930097
0.0006248489107930097
0.0006248489107930097
0.0006248489107930097
0.0006248489107930097
0.0006248489107930097
0.0006248489107930097
0.0006248489107930097
0.0006248489107930097
0.0006248489107930097
0.0006248489107930097
0.0006248489107930097
0.0006248489107930097
0.0006248489107930097
0.0006248489107930097
